464
384
469
464
384
21517
24342
24342
21516
21516
24343
25975
25975
25975
25976
464
388
464
388
464
464
464
388
464
453
464
388
464
388
25975
24343
25975
32043
32069
32043
32069
464
408
464
408
464
408
32043
464
408
464
408
32069
464
408
464
408
464
408
464
408
464
408
464
408
464
408
464
408
464
408
464
408
464
408
464
408
464
408
464
408
464
408
464
408
464
408
464
408
464
408
464
408
464
408
464
408
464
408
464
408
464
408
464
408
464
408
464
408
464
408
464
408
464
408
464
408
464
408
464
408
464
408
464
408
464
408
464
408
464
408
464
408
464
408
464
408
464
408
58751
464
408
464
408
58751
58751
58751
464
384
464
384
464
384
464
384
464
384
58751
58751
19438
19438
19438
19438
19438
19438
19438
19438
19438
19438
19438
19438
19438
19438
19438
19438
19438
19438
19438
19438
19438
19438
19438
19438
58723
58737
58742
53341
31289
58723
58737
58726
58743
58742
58723
58737
58742
58723
58737
58742
58723
58737
58742
58723
58737
58742
19438
19438
19438
19438
19438
19438
19438
19438
19438
19438
19438
19438
19438
19438
19438
19438
19438
19438
19438
19438
19438
19438
19438
19438
58723
58737
58742
58727
58734
58723
58737
58742
58727
58734
58723
58737
58742
58722
58744
58723
58737
58742
19438
19438
19438
19438
19438
19438
19438
19438
19438
19438
19438
19438
19438
19438
19438
19438
19438
19438
19438
19438
19438
19438
19438
19438
19438
31289
58722
58744
58723
58737
58742
58722
58744
58723
58737
58742
31978
31978
31978
31978
31978
31978
31978
31978
31978
31978
31978
31978
31978
31978
31978
31978
31978
31978
31978
31978
31978
31978
31978
31978
58722
58744
58723
58737
58742
58722
58744
19438
19438
19438
19438
19438
19438
19438
19438
19438
19438
19438
19438
19438
19438
19438
19438
19438
19438
19438
19438
19438
19438
19438
19438
19438
19438
19438
19438
19438
19438
19438
19438
19438
19438
19438
19438
19438
19438
19438
19438
19438
19438
19438
19438
19438
19438
19438
19438
19438
58722
58744
39930
19438
19438
19438
19438
19438
19438
19438
19438
19438
19438
19438
19438
19438
19438
19438
19438
19438
19438
19438
19438
19438
19438
19438
19438
58722
58744
24256
58722
58744
19438
19438
19438
19438
19438
19438
19438
19438
19438
19438
19438
19438
19438
19438
19438
19438
19438
19438
19438
19438
19438
19438
19438
19438
19438
19438
45749
45749
45749
45749
45749
45749
45749
45749
45749
45749
45749
45749
45749
45749
45749
45749
45749
45749
45749
45749
45749
45749
45749
45749
45749
45749
45749
45749
58722
58744
31289
58722
58744
19438
19438
19438
19438
19438
19438
19438
19438
19438
19438
19438
19438
19438
19438
19438
19438
19438
19438
19438
19438
19438
19438
19438
19438
58722
58744
58722
58744
19438
19438
19438
19438
19438
19438
19438
19438
19438
19438
19438
19438
19438
19438
19438
19438
19438
19438
19438
19438
19438
19438
19438
19438
19438
16431
16431
16431
16431
16431
16431
16431
16431
16431
16431
16431
16431
16431
16431
16431
16431
16431
16431
16431
16431
16431
16431
16431
16431
59388
59388
19438
19438
19438
19438
19438
19438
19438
19438
19438
19438
19438
19438
19438
19438
19438
19438
19438
19438
19438
19438
19438
19438
19438
59388
31289
58276
58276
59388
58276
58276
59388
59388
59388
59388
59388
59388
59388
59388
59388
59388
59388
59388
59388
59388
59388
59388
59388
59388
59388
59388
59388
59388
59388
59388
59388
59388
59388
59388
59388
59388
59388
59388
59388
59388
59388
59388
59388
59388
59388
59388
59388
59388