16431
16431
16431
16431
16431
16431
16431
16431
16431
16431
16431
16431
16431
16431
16431
16431
16431
16431
16431
16431
16431
16431
16431
16431
16431
16431
16431
16431
16431
16431
16431
16431
16431
16431
16431
16431
16431
16431
16431
16431
16431
16431
16431
16431
16431
16431
16431
16431
16431
16431
16431
19438
19438
19438
19438
19438
19438
19438
19438
19438
19438
19438
19438
19438
19438
19438
19438
19438
19438
19438
19438
19438
19438
19438
19438
19438
19438
19438
19438
19438
19438
19438
19438
19438
19438
19438
19438
19438
19438
19438
19438
19438
19438
19438
19438
19438
19438
19438
19438
19438
19438
19438
19438
19438
19438
19438
19438
19438
19438
19438
19438
19438
19438
19438
19438
19438
19438
19438
19438
19438
19438
19438
19438
19438
19438
19438
19438
19438
19438
19438
19438
19438
19438
19438
19438
19438
19438
19438
19438
19438
19438
19438
19438
19438
19438
19438
19438
19438
19438
19438
19438
19438
19438
19438
19438
19438
19438
19438
19438
19438
19438
19438
19438
19438
19438
19438
19438
19438
19438
19438
19438
19438
19438
19438
19438
19438
19438
19438
19438
19438
19438
19438
19438
19438
19438
19438
19438
19438
19438
19438
19438
19438
19438
19438
19438
19438
19438
19438
19438
19438
19438
19438
19438
19438
19438
19438
19438
19438
19438
19438
19438
19438
19438
19438
19438
19438
19438
19438
19438
19438
19438
19438
19438
19438
19438
19438
19438
19438
19438
19438
19438
19438
19438
19438
19438
19438
19438
19438
19438
19438
19438
19438
19438
19438
19438
19438
19438
19438
19438
19438
19438
19438
19438
19438
19438
19438
19438
19438
19438
19438
19438
19438
19438
19438
19438
19438
19438
19438
19438
19438
19438
19438
19438
19438
19438
19438
19438
19438
19438
19438
19438
19438
19438
19438
19438
19438
19438
19438
19438
19438
19438
19438
19438
19438
19438
19438
19438
19438
19438
19438
19438
19438
19438
19438
19438
19438
19438
19438
19438
19438
19438
19438
19438
19438
19438
19438
19438
19438
19438
19438
19438
19438
19438
19438
19438
19438
19438
19438
19438
19438
19438
19438
19438
19438
19438
19438
19438
19438
19438

19438
19438
19438
19438
19438
19438
19438
19438
19438
19438
19438
19438
19438
19438
19438
19438
19438
19438
19438
19438
19438
19438
19438
19438
19438
19438
19438
19438
19438
19438
19438
19438
19438
19438
19438
19438
19438
19438
19438
19438
19438
19438
19438
19438
19438
19438
19438
19438
19438
19438
19438
19438
19438
19438
19438
19438
19438
19438
19438
19438
19438
19438
19438
19438
19438
19438
19438
19438
19438
19438
19438
19438
19438
19438
19438
19438
19438
19438
19438
19438
19438
19438
19438
19438
19438
19438
19438
19438
19438
19438
19438
19438
19438
19438
19438
19438
19438
19438
19438
19438
19438
19438
19438
19438
19438
19438
19438
19438
19438
19438
19438
19438
19438
19438
19438
19438
19438
19438
19438
19438
19438
19438
19438
19438
19438
19438
19438
19438
19438
19438
19438
19438
19438
19438
19438
19438
19438
19438
19438
19438
19438
19438
19438
19438
19438
19438
19438
19438
19438
19438
19438
19438
19438
19438
19438
19438
19438
19438
19438
19438
19438
19438
19438
19438
19438
19438
19438
19438
19438
19438
19438
19438
19438
19438
19438
19438
19438
19438
19438
19438
19438
19438
19438
19438
19438
19438
19438
19438
19438
19438
19438
19438
19438
19438
19438
19438
19438
19438
19438
19438
19438
19438
19438
19438
19438
19438
19438
19438
19438
19438
19438
19438
19438
19438
19438
19438
19438
19438
19438
19438
19438
19438
19438
19438
19439
19439
19439
19439
19439
19439
19439
19439
19439
19439
19439
19439
19439
19439
19439
19439
19439
19439
19439
19439
19439
19439
19439
19439
19439
19439
19439
19439
19439
19439
19439
19439
19439
19439
19439
19439
19439
19439
19439
25975
31978
31978
31978
31978
45749
45749
45749
45749
45749
45749
45749
45749
45749
58722
58722
58723
58723
58723
58723
58723
58727
58734
58737
58737
58737
58737
58737
58742
58742
58742
58742
58742
58744
58744
59388
59388
59388
59388
59388
59388
59388
59388